0.000000000000000000e+00
0.000000000000000000e+00
0.000000000000000000e+00
1.000000000000000056e-01
0.000000000000000000e+00
0.000000000000000000e+00
2.000000000000000111e-01
0.000000000000000000e+00
0.000000000000000000e+00
2.999999999999999889e-01
0.000000000000000000e+00
0.000000000000000000e+00
4.000000000000000222e-01
0.000000000000000000e+00
0.000000000000000000e+00
0.000000000000000000e+00
8.660299999999999943e-02
0.000000000000000000e+00
5.000000000000000278e-02
8.660299999999999943e-02
0.000000000000000000e+00
1.499999999999999944e-01
8.660299999999999943e-02
0.000000000000000000e+00
2.500000000000000000e-01
8.660299999999999943e-02
0.000000000000000000e+00
3.499999999999999778e-01
8.660299999999999943e-02
0.000000000000000000e+00
4.000000000000000222e-01
8.660299999999999943e-02
0.000000000000000000e+00
0.000000000000000000e+00
1.732049999999999979e-01
0.000000000000000000e+00
1.000000000000000056e-01
1.732049999999999979e-01
0.000000000000000000e+00
2.000000000000000111e-01
1.732049999999999979e-01
0.000000000000000000e+00
2.999999999999999889e-01
1.732049999999999979e-01
0.000000000000000000e+00
4.000000000000000222e-01
1.732049999999999979e-01
0.000000000000000000e+00
0.000000000000000000e+00
2.598079999999999834e-01
0.000000000000000000e+00
5.000000000000000278e-02
2.598079999999999834e-01
0.000000000000000000e+00
1.499999999999999944e-01
2.598079999999999834e-01
0.000000000000000000e+00
2.500000000000000000e-01
2.598079999999999834e-01
0.000000000000000000e+00
3.499999999999999778e-01
2.598079999999999834e-01
0.000000000000000000e+00
4.000000000000000222e-01
2.598079999999999834e-01
0.000000000000000000e+00
0.000000000000000000e+00
3.464099999999999957e-01
0.000000000000000000e+00
1.000000000000000056e-01
3.464099999999999957e-01
0.000000000000000000e+00
2.000000000000000111e-01
3.464099999999999957e-01
0.000000000000000000e+00
2.999999999999999889e-01
3.464099999999999957e-01
0.000000000000000000e+00
4.000000000000000222e-01
3.464099999999999957e-01
0.000000000000000000e+00
