*Nodes
0,0,0
1,0,0
1,0.2,0
0,0.2,0
1,0.05,0
1,0.1,0
1,0.15,0
0.95,0.2,0
0.9,0.2,0
0.85,0.2,0
0.8,0.2,0
0.75,0.2,0
0.7,0.2,0
0.65,0.2,0
0.6,0.2,0
0.55,0.2,0
0.5,0.2,0
0.45,0.2,0
0.4,0.2,0
0.35,0.2,0
0.3,0.2,0
0.25,0.2,0
0.2,0.2,0
0.15,0.2,0
0.1,0.2,0
0.0499999999999999,0.2,0
0,0.15,0
0,0.1,0
0,0.05,0
0.05,0,0
0.1,0,0
0.15,0,0
0.2,0,0
0.25,0,0
0.3,0,0
0.35,0,0
0.4,0,0
0.45,0,0
0.5,0,0
0.55,0,0
0.6,0,0
0.65,0,0
0.7,0,0
0.75,0,0
0.8,0,0
0.85,0,0
0.9,0,0
0.95,0,0
0.75,0.1,0
0.799400444460787,0.1,0
0.85,0.1,0
0.907182909956951,0.100018198184838,0
0.0341506350946109,0.165849364905389,0
0.0760562513638654,0.157298913636693,0
0.0412992910977922,0.123704370882756,0
0.124206119371097,0.150574682183959,0
0.041427683232962,0.0766943669439849,0
0.174923854796559,0.14999463119733,0
0.0341506350946109,0.034150635094611,0
0.225026856067201,0.149821391717273,0
0.27487097121567,0.150557767895823,0
0.0760562513638655,0.0427010863633066,0
0.325,0.151170133267095,0
0.124199571336118,0.04937879043985,0
0.3749651504754,0.150235899482722,0
0.174888412735422,0.0494835510243157,0
0.425234864100366,0.150784115606595,0
0.225026856067201,0.0501786082827266,0
0.47512902878433,0.150557767895823,0
0.27487097121567,0.0494422321041768,0
0.524986819450263,0.149767886485057,0
0.324884180729491,0.0500264319707958,0
0.575112763389896,0.15034437497978,0
0.375,0.0500505320541508,0
0.624973488363268,0.150082609390963,0
0.424974637435452,0.0492821407001713,0
0.674895596230369,0.149812373981152,0
0.475128751148111,0.0494954288520636,0
0.724851209597998,0.149626402669683,0
0.524958726436376,0.0500835076586868,0
0.774882713275075,0.150483925782734,0
0.575,0.0488298667329049,0
0.825111587264578,0.150516448975684,0
0.625151705215156,0.0491308952643122,0
0.875799553197601,0.150626891371253,0
0.674899781015932,0.0498404002342867,0
0.923943748636135,0.157298913636693,0
0.724987703396,0.0496501378424975,0
0.965849364905389,0.165849364905389,0
0.774882713275075,0.0495160742172658,0
0.825111587264578,0.0494835510243156,0
0.958700708902208,0.123704370882756,0
0.875756557825174,0.0493589022570621,0
0.958572316767038,0.0766943669439849,0
0.923943748636135,0.0427010863633066,0
0.965849364905389,0.0341506350946109,0
0.0928170900430485,0.100008100201829,0
0.15,0.1,0
0.200599555539213,0.1,0
0.250044270622803,0.1,0
0.299448094542541,0.1,0
0.349753048810708,0.100505881463821,0
0.399876102121969,0.101621103536195,0
0.450551905457459,0.1,0
0.5,0.1,0
0.549466781526851,0.0998374790608704,0
0.600236685576983,0.0984356434989222,0
0.65,0.1,0
0.699698352972103,0.0983694633074021,0
0,0,0.5
0.991604001769191,1.72605488035252e-07,0.373659378463942
0.991604027072415,0.200000178520538,0.373659873662467
0,0.2,0.5
0.9916030467711,0.0500001733331792,0.373653179069856
0.991602671194986,0.100000175590319,0.373650793242884
0.991603059345556,0.150000177823403,0.373653426152682
0.942177549734113,0.200000165215672,0.381211260993721
0.892750873989225,0.200000152481078,0.388761363473254
0.843323062131444,0.200000139802904,0.396304052846084
0.793892446602773,0.200000125530133,0.40382839467516
0.744456801870735,0.200000108326219,0.411319697692755
0.695013398969478,0.200000089254675,0.418759728558385
0.645559046918374,0.200000068699984,0.426126769023995
0.596090257162881,0.200000049256371,0.433396400853089
0.546603298757454,0.200000030802135,0.440541505281243
0.497094315708374,0.200000016428462,0.447532583551562
0.447559277164077,0.200000005848903,0.454336810207985
0.397994135191247,0.199999994911163,0.460918384726464
0.348394935065647,0.199999986735357,0.467238372330045
0.298757767641312,0.199999978022437,0.473253073973303
0.249079183468987,0.19999996807293,0.478915679568105
0.199356350465149,0.19999994825117,0.484175755865053
0.149587388191037,0.199999899496261,0.48897998572833
0.0997715655916948,0.199999863698651,0.493271180141458
0.0499087800237139,0.199999906399892,0.496976860466585
0,0.15,0.5
0,0.1,0.5
0,0.05,0.5
0.0499087566706502,9.36810874824651e-08,0.496976477437605
0.0997715298198599,1.38393644107705e-07,0.493270627152752
0.149587348712215,1.07340108938163e-07,0.488979385125121
0.199356322245132,6.8298497080097e-08,0.484175260195833
0.249079152737727,6.12828811843756e-08,0.478915158578212
0.298757745740166,6.79766784568828e-08,0.473252629414236
0.348394889962905,7.92560010513747e-08,0.46723774636913
0.397994090869767,8.68732746189922e-08,0.46091777747258
0.447559214187125,9.37229935248431e-08,0.454336068854822
0.497094254292482,9.98274308036295e-08,0.447531850944713
0.54660323808002,1.04379784515501e-07,0.440540776993841
0.596090215951233,1.06838159576371e-07,0.433395801136269
0.645559021188667,1.09615323505375e-07,0.426126271446315
0.695013373202005,1.13304214459852e-07,0.418759230192625
0.744456788472022,1.18086595276589e-07,0.411319279500797
0.793892426357878,1.2622901862712e-07,0.403827932217584
0.843323038834061,1.36700823430468e-07,0.396303570648307
0.892750849450979,1.48873876960946e-07,0.388760873215879
0.942177524651096,1.61025189370364e-07,0.381210767229454
0.744449799851093,0.100000113792038,0.41127275676207
0.793294387167657,0.100000125769871,0.403883072035545
0.843319346084796,0.100000138294254,0.39627933629932
0.899849124246275,0.100018350679434,0.387661431023091
0.03409003615682,0.165849404187585,0.497967662238793
0.0758950378287847,0.157298905314755,0.495067455152808
0.0412240889124405,0.123704389069238,0.497510596955068
0.123889816288212,0.150574650905639,0.491208336919896
0.041352202977948,0.0766943496421796,0.497502117069053
0.174397111815708,0.149994640355449,0.486595140333194
0.0340900183211837,0.0341505961824333,0.497967371444717
0.224244594048525,0.149821420899691,0.481543434444516
0.273789171394064,0.150557810169859,0.476088818218762
0.0758950149592354,0.0427010955835984,0.495067107323663
0.323573941936884,0.151170186119068,0.470225372169215
0.123883265107687,0.0493788262189826,0.491208509171953
0.373156255350704,0.150235958843616,0.464053156263378
0.174361806600476,0.0494835514290456,0.486598170362583
0.423004754861905,0.150784184430484,0.457560174882138
0.224244573268327,0.0501786025156838,0.481543119761976
0.472448924754822,0.1505578425277,0.450875037196946
0.273789173199636,0.0494422265548934,0.476088709478698
0.521829432152657,0.149767967498884,0.443993464386708
0.323458908228175,0.0500264376881769,0.470238719531519
0.571451955000986,0.150344464356681,0.436907674943687
0.373190775643059,0.0500505480977911,0.464048218577986
0.620792167611134,0.150082706888543,0.429722285303925
0.422746708544055,0.0492821635280564,0.457593668567779
0.670177272822529,0.149812481050587,0.422419933191981
0.47244860178794,0.0494954614097191,0.450874572712408
0.719583104678758,0.149626519195477,0.415029106669188
0.521801596581911,0.0500835533474633,0.443997106347279
0.769054844142326,0.15048405304886,0.407566093867511
0.571340402723663,0.0488299223871209,0.436924008455455
0.818715228521163,0.150516586621168,0.400030515742445
0.620968572506509,0.0491309646525374,0.429696767645324
0.868825388976719,0.150627039645386,0.392398928825919
0.670181422239914,0.0498404840727538,0.422419229909264
0.916418829005636,0.157299072486298,0.385137553043648
0.719718140206695,0.0496502352297231,0.415009040559925
0.957844319214318,0.165849534206007,0.378812273084802
0.769054836383839,0.049516186413551,0.407565878751704
0.81871521752462,0.0494836776309461,0.400030277960195
0.950776973196361,0.123704537502179,0.379887319110871
0.868782873330292,0.049359043356601,0.392405167637435
0.95065004318918,0.076694530905294,0.379906562955823
0.916418814674008,0.0427012408297427,0.385137270484981
0.957844302728887,0.0341507999440713,0.37881194819216
0.0926076485437364,0.100008100899019,0.493796077490804
0.149583239178799,0.100000003354587,0.488933523445861
0.199947808700964,0.10000000808014,0.484064711230343
0.249116961427237,0.100000014981422,0.478853666227459
0.298202086120569,0.100000023254136,0.473252864523804
0.348140982960388,0.100505914152555,0.467196824062319
0.397861252961927,0.101621147831434,0.460856730347417
0.448095209958509,0.100000047946722,0.454180722690208
0.497082780274619,0.100000058597139,0.447448956054858
0.546063881941057,0.0998375476245896,0.440535121778818
0.596313369697352,0.0984357198166069,0.433285222479
0.645548940494548,0.100000090875971,0.426057669749324
0.694706391783523,0.0983695634414118,0.418745685998276
*Triangles
71,73,16
106,73,71
54,56,25
62,57,59
78,76,38
104,103,76
109,88,49
107,75,73
98,99,58
97,55,57
53,27,55
53,55,54
107,73,106
104,69,67
104,67,103
96,5,94
95,47,48
106,80,82
96,95,48
50,83,81
85,9,10
50,81,49
86,42,43
68,33,34
99,66,68
68,66,33
99,60,58
70,34,35
100,61,60
100,60,99
102,72,74
61,21,22
72,35,36
102,74,103
102,101,72
102,65,63
52,87,85
85,10,83
109,79,77
52,85,51
105,78,80
105,80,106
97,54,55
59,29,1
87,9,85
97,57,62
50,51,83
50,90,91
105,104,78
72,70,35
96,94,95
105,71,69
63,20,21
98,97,64
98,56,97
102,103,65
102,63,101
97,56,54
107,82,84
67,18,19
103,74,76
107,106,82
51,91,93
83,10,11
77,13,14
91,45,46
69,17,18
78,38,39
59,1,30
97,62,64
105,106,71
105,69,104
77,79,13
84,41,42
53,4,27
50,49,90
62,30,31
98,64,66
50,91,51
108,107,84
109,49,79
90,44,45
63,21,61
108,77,75
84,82,41
108,84,86
56,24,25
98,66,99
108,109,77
108,75,107
56,58,24
62,59,30
52,94,92
52,92,87
69,18,67
78,39,80
92,6,7
89,7,3
89,3,8
90,45,91
89,8,87
94,5,6
80,39,40
79,12,13
94,6,92
51,85,83
73,15,16
108,86,109
80,40,82
74,36,37
76,37,38
76,74,37
81,11,12
81,83,11
82,40,41
75,14,15
84,42,86
58,23,24
88,43,44
88,86,43
103,67,65
60,22,23
60,61,22
66,32,33
96,48,2
96,2,5
60,23,58
68,34,70
93,46,47
93,91,46
55,27,28
55,28,57
64,31,32
64,32,66
98,58,56
101,70,72
75,77,14
75,15,73
72,36,74
101,100,70
53,26,4
57,28,29
65,19,20
65,67,19
90,88,44
81,12,79
109,86,88
49,81,79
87,8,9
93,47,95
65,20,63
101,63,61
100,68,70
100,99,68
52,95,94
52,93,95
57,29,59
62,31,64
71,16,17
71,17,69
52,51,93
49,88,90
89,92,7
89,87,92
101,61,100
104,76,78
53,54,26
54,25,26
180,182,125
215,182,180
163,165,134
171,166,168
187,185,147
213,212,185
218,197,158
216,184,182
207,208,167
206,164,166
162,136,164
162,164,163
216,182,215
213,178,176
213,176,212
205,114,203
204,156,157
215,189,191
205,204,157
159,192,190
194,118,119
159,190,158
195,151,152
177,142,143
208,175,177
177,175,142
208,169,167
179,143,144
209,170,169
209,169,208
211,181,183
170,130,131
181,144,145
211,183,212
211,210,181
211,174,172
161,196,194
194,119,192
218,188,186
161,194,160
214,187,189
214,189,215
206,163,164
168,138,110
196,118,194
206,166,171
159,160,192
159,199,200
214,213,187
181,179,144
205,203,204
214,180,178
172,129,130
207,206,173
207,165,206
211,212,174
211,172,210
206,165,163
216,191,193
176,127,128
212,183,185
216,215,191
160,200,202
192,119,120
186,122,123
200,154,155
178,126,127
187,147,148
168,110,139
206,171,173
214,215,180
214,178,213
186,188,122
193,150,151
162,113,136
159,158,199
171,139,140
207,173,175
159,200,160
217,216,193
218,158,188
199,153,154
172,130,170
217,186,184
193,191,150
217,193,195
165,133,134
207,175,208
217,218,186
217,184,216
165,167,133
171,168,139
161,203,201
161,201,196
178,127,176
187,148,189
201,115,116
198,116,112
198,112,117
199,154,200
198,117,196
203,114,115
189,148,149
188,121,122
203,115,201
160,194,192
182,124,125
217,195,218
189,149,191
183,145,146
185,146,147
185,183,146
190,120,121
190,192,120
191,149,150
184,123,124
193,151,195
167,132,133
197,152,153
197,195,152
212,176,174
169,131,132
169,170,131
175,141,142
205,157,111
205,111,114
169,132,167
177,143,179
202,155,156
202,200,155
164,136,137
164,137,166
173,140,141
173,141,175
207,167,165
210,179,181
184,186,123
184,124,182
181,145,183
210,209,179
162,135,113
166,137,138
174,128,129
174,176,128
199,197,153
190,121,188
218,195,197
158,190,188
196,117,118
202,156,204
174,129,172
210,172,170
209,177,179
209,208,177
161,204,203
161,202,204
166,138,168
171,140,173
180,125,126
180,126,178
161,160,202
158,197,199
198,201,116
198,196,201
210,170,209
213,185,187
162,163,135
163,134,135
