*Nodes
0,0,0
0.0025,0.00433012701892219,0
0,0.00866025403784439,0
0.0025,0.0129903810567666,0
0,0.0173205080756888,0
0.0025,0.021650635094611,0
0.005,0,0
0.0075,0.00433012701892219,0
0.005,0.00866025403784439,0
0.0075,0.0129903810567666,0
0.005,0.0173205080756888,0
0.0075,0.021650635094611,0
0.01,0,0
0.0124994528127199,0.0043301247103614,2.77589700992836e-05
0.01,0.00866025403784439,0
0.0124988150042082,0.0129907430739241,2.63494790403515e-05
0.01,0.0173205080756888,0
0.0124974559053336,0.0216521072040916,4.64686520501179e-05
0.0149995085225115,1.27584563961579e-07,5.42255499081941e-05
0.0174987174977128,0.00433072789825228,5.63920558359166e-05
0.0149985188032128,0.00866076410140721,3.49724364568264e-05
0.0174970286727032,0.0129920557481924,5.79086000645601e-05
0.0149972705953033,0.0173221236671408,4.74766447440988e-05
0.0174952743825598,0.0216538088330506,7.2368265502864e-05
0.0199992546590457,8.65098720564702e-07,7.38503212554298e-05
0.022498254913276,0.00433306920056669,6.52002522341103e-05
0.0199967493059498,0.0086620084366878,6.21418994169359e-05
0.0224946637512304,0.0129942880586883,5.04316205599289e-05
0.0199946941723385,0.0173238421937288,5.99909297385589e-05
0.0224907193477192,0.0216567409508729,7.8054046125686e-05
0.0250010522706455,5.37341723879703e-06,7.9329080479462e-05
0.0274986703364454,0.00433796328069538,6.28016906197402e-05
0.0249959756979104,0.00866565759315076,5.6547913357457e-05
0.0274933274954129,0.0129986559748487,5.35178491320138e-05
0.0249915494942367,0.0173272324229004,5.98623930245377e-05
0.0274877267380776,0.021660827925634,7.90386433089917e-05
0.0300024677971559,1.09429222062487e-05,7.72934392117094e-05
0.0324995518533137,0.00434433221432753,5.10460287936926e-05
0.0299960713362233,0.00867107316921155,5.27295023567449e-05
0.0324934578683791,0.0130045354223653,4.41837760419363e-05
0.0299902886446844,0.0173321640275574,5.90047031518616e-05
0.0324869111454649,0.021666481621381,7.2369202560055e-05
0.0350033398438555,1.79901661962162e-05,5.65423413464417e-05
0.0375007849752419,0.00435230185477483,2.64020064231679e-07
0.0349971030921604,0.0086779647578081,2.52206822605984e-05
0.0374947427037242,0.0130117028073018,-6.29732709626368e-06
0.0349909052236551,0.0173384029727769,3.28783606642465e-05
0.0374857471376073,0.0216727033694012,3.31408625678778e-05
0.0400030046167213,2.67993168835416e-05,2.40734730120535e-06
0.0425033561470713,0.00436219230195642,-6.08417197064243e-05
0.0399988854814076,0.00868621144295409,-4.93426461693922e-05
0.0424960458711737,0.0130193506130345,-7.02837667816961e-05
0.0399916376556652,0.0173449942496446,-4.32038253973882e-05
0.042481398548649,0.0216780575395951,-9.22884413401875e-06
0.044999812760655,4.00233510477709e-05,0.0001051163061194
0.0474792834189669,0.00437613001177805,0.00047069872398198
0.0450012973206204,0.00869519091605805,1.79787055288604e-05
0.0474685575783905,0.0130263247110103,0.00044793234831978
0.0449940337740324,0.0173503290807504,1.17891308237332e-05
0.0474454722257389,0.0216764231153199,0.000502295395640526
0.0497908452090311,6.72303714928679e-05,0.00149888771062986
0.0517924853735469,0.00440112980371834,0.00300568518119013
0.049796165797499,0.00870807321764928,0.00142622708765376
0.051771628366543,0.0130353069552971,0.00298262056855335
0.0498027836334482,0.0173506477516671,0.00139056854022656
0.0517800663858421,0.0216669613856472,0.00295992400738725
0.0531905144188632,0.000100881524571221,0.00514144209949139
0.053826564378128,0.00442414336909405,0.00757629778132029
0.0531625778103709,0.00872775740240425,0.00511360624180405
0.0537853093567107,0.0130527512900194,0.00755114131032542
0.0531889447964071,0.0173561901204663,0.00507207499090293
0.0537988593641583,0.0216803462021381,0.00751352166084711
0.0536327292701453,0.000111501659737166,0.0101036555650267
0.0527438163553109,0.00443012549361086,0.0124631883043879
0.0536091994053558,0.00874542260162401,0.0100874465814125
0.0526948313369032,0.0130719205767889,0.0124265805742197
0.053616275804947,0.0173794591566909,0.0100576756129232
0.0526442218840421,0.0217137304373216,0.0123620287835204
0.0512492817421595,0.00010307794229439,0.0144820849892439
0.0494438037068998,0.0044255207692517,0.0162297256245778
0.0512562509105784,0.00875255368556076,0.0144972681953766
0.0494006439936525,0.0130801474603278,0.0161890475352838
0.051231238497237,0.017401975013051,0.0144601236430358
0.0493113779096635,0.0217335764441897,0.0160748260415322
0.0473245341944728,9.29143345418203e-05,0.0175630791617315
0.045132225966669,0.00441839482629041,0.0187746849145784
0.0473415880546617,0.00875051635547974,0.0176119662371521
0.0450978776332393,0.0130767002001231,0.0187446808157208
0.0473006582455363,0.01740786062767,0.017564959039365
0.045014368354269,0.02173444631038,0.018623460771883
0.0428089127300557,8.38293451074663e-05,0.0196924971051433
0.0404783796232739,0.0044092672773558,0.0206110086447168
0.0428126450707074,0.00874325601420948,0.0197407126458882
0.0404500420764103,0.0130666946452087,0.0205992124200933
0.0427711785181896,0.0174011773255883,0.0196987718019552
0.0403943051966568,0.0217255874726733,0.020527208263241
0.0381231209382919,7.21268808630451e-05,0.0214195925061831
0.0357587089681107,0.0043955620877165,0.0222666523365881
0.0381059182528232,0.0087319505047896,0.0214380207717519
0.0357326545369932,0.0130529998654985,0.0222702358775022
0.0380722022621608,0.0173887918485494,0.0214162001747872
0.0357074813951631,0.0217129164083196,0.0222672075874025
0.0334362724837418,5.3092346950546e-05,0.0231614860250254
0.0310850027291258,0.0043709493705615,0.024100569036446
0.0334010378561225,0.00871538153631489,0.023153325299923
0.0310746013524579,0.0130386102426079,0.0241061580813387
0.0333784529447385,0.0173759436812202,0.0231521368547598
0.0310751395500188,0.0217057579290493,0.0241493875735576
0.0288017404479333,1.52062484482448e-05,0.0251702611336862
0.0265320833214633,0.0043361912692175,0.0262630223393756
0.0287903481117598,0.00869013113252792,0.0251412717056421
0.0265463225307429,0.0130174354184077,0.0262593288816463
0.0287911465266587,0.0173716524521246,0.0251435341466071
0.0265575996106835,0.0216951941036857,0.0263111113819161
0.024357202997384,-1.75157461066894e-05,0.0274670004970407
0.0221542833405384,0.00433087698691373,0.0287100751234318
0.0243274491301588,0.00866263210688678,0.0274590056834102
0.0221504599772806,0.0129835361877689,0.0287139223103041
0.024345758042551,0.0173580890043332,0.0274553700530492
0.0221326797238944,0.0216789175699952,0.0287544917562169
0.02,0,0.03
0.02,0.00866025403784439,0.03
0.02,0.0173205080756888,0.03
*Triangles
28,22,27
20,14,19
15,8,14
22,21,27
28,27,33
26,25,31
75,76,70
13,14,8
45,40,39
14,21,15
34,40,41
29,23,22
21,14,20
4,3,9
2,7,8
17,12,11
35,41,36
55,50,49
5,3,4
23,18,17
41,42,36
41,40,47
28,35,29
53,59,54
83,82,89
58,52,57
62,63,56
95,88,94
100,107,101
74,80,81
113,119,114
118,117,122
76,75,81
78,83,84
80,86,87
103,98,97
87,82,81
79,85,80
92,99,93
110,111,104
9,8,15
2,1,7
25,20,19
14,13,19
8,7,13
32,33,26
38,39,32
56,50,55
62,56,61
56,55,61
44,43,49
38,37,43
67,62,61
51,57,52
43,44,38
50,57,51
49,50,44
45,51,46
56,57,50
56,63,57
69,75,70
65,60,59
44,45,38
58,57,63
44,51,45
44,50,51
26,33,27
39,40,34
32,26,31
27,21,20
37,32,31
37,38,32
26,20,25
26,27,20
9,2,8
3,1,2
10,4,9
3,2,9
15,10,9
11,5,4
21,22,16
11,4,10
33,34,28
17,11,10
16,17,10
12,6,11
15,16,10
15,21,16
22,23,16
18,12,17
6,5,11
30,24,29
18,23,24
17,16,23
36,30,35
24,23,29
41,47,42
40,45,46
35,30,29
47,48,42
53,54,48
47,53,48
46,51,52
59,60,54
59,58,65
53,52,59
53,46,52
39,34,33
41,35,34
47,46,53
47,40,46
35,28,34
29,22,28
32,39,33
38,45,39
64,58,63
59,52,58
72,71,77
68,74,75
94,100,101
95,90,89
77,83,78
76,82,83
69,64,63
66,60,65
83,77,76
71,64,70
64,65,58
64,71,65
76,77,70
66,65,71
66,71,72
84,89,90
72,77,78
71,70,77
83,89,84
82,88,89
94,101,95
90,95,96
101,102,96
101,107,102
113,114,108
108,107,113
108,102,107
119,123,120
114,119,120
113,106,112
88,95,89
101,96,95
118,112,117
113,107,106
93,99,94
100,106,107
99,105,100
94,99,100
119,118,123
111,106,105
119,112,118
119,113,112
122,117,116
112,106,111
118,122,123
110,117,111
106,100,105
88,93,94
92,98,99
98,104,105
117,112,111
87,93,88
86,92,93
73,68,67
70,64,69
68,75,69
81,82,76
68,62,67
69,63,62
74,79,80
80,87,81
93,87,86
88,82,87
85,86,80
62,68,69
73,79,74
75,74,81
68,73,74
91,86,85
92,86,91
92,91,97
98,92,97
104,98,103
105,99,98
116,110,115
111,105,104
109,110,104
116,117,110
110,109,115
104,103,109
116,121,122
116,115,121