*Nodes
0.0, 0.0, 0.025054632806145758
0.0, 0.0, 0.0
0.0, 0.004, 8e-05
0.0, 0.008, 0.00016
0.0, 0.012, 0.00023999999999999998
0.0, 0.016, 0.00032
0.0, 0.02, -0.0
0.004653477576164447, 0.019451096278825384, -0.0018686868686868686
0.009051524036532966, 0.017834514644813466, -0.003737373737373737
0.012952728974306039, 0.015238989865413418, -0.005606060606060606
0.016142953798742827, 0.011806991261606599, -0.007474747474747474
0.018447085882091627, 0.007726902513862576, -0.009343434343434343
0.019738650556889645, 0.003222681211817283, -0.011212121212121211
0.01994675335752345, -0.001458434261160608, -0.013080808080808078
0.01905997144382756, -0.006059495734834543, -0.014949494949494949
0.01712698060503178, -0.010327949232779236, -0.01681818181818182
0.01425388342757726, -0.014029497754126421, -0.018686868686868686
0.010598385284664107, -0.016960961923128515, -0.020555555555555553
0.006361137829631502, -0.01896143258069999, -0.022424242424242423
0.0017747251520399674, -0.019921103148036676, -0.02429292929292929
-0.002909102849553259, -0.019787296950587292, -0.026161616161616157
-0.007433249113206547, -0.018567358660321453, -0.02803030303030303
-0.011549381566994126, -0.0163282511439522, -0.029898989898989897
-0.015031564168842847, -0.013192879846264039, -0.031767676767676764
-0.017688658619956284, -0.009333346464513477, -0.03363636363636364
-0.01937481601716157, -0.004961502222224585, -0.035505050505050505
-0.0199974825534775, -0.0003173192766961699, -0.03737373737373737
-0.019522479831020605, 0.004344281442010141, -0.03924242424242424
-0.01797588092598335, 0.008767422935781533, -0.041111111111111105
-0.015442579227779673, 0.01270931732209672, -0.04297979797979798
-0.012061628609309797, 0.015953592551243102, -0.044848484848484846
-0.008018610708132283, 0.018322169148641387, -0.04671717171717171
-0.003535448281320326, 0.019685035063471672, -0.04858585858585858
0.0011417762172553434, 0.019967382078522715, -0.050454545454545446
0.005756328194391, 0.01915371206107211, -0.05232323232323231
0.010054913174906312, 0.017288687661158538, -0.054191919191919194
0.013801580229642235, 0.014474680762101408, -0.05606060606060606
0.016790673409764093, 0.01086615324973107, -0.05792929292929293
0.01885812027832123, 0.006661178541997629, -0.059797979797979794
0.019890437907365468, 0.002090569265353087, -0.06166666666666666
0.019830961998095146, -0.0025947921362040145, -0.06353535353535353
0.018682957205302143, -0.007137724431837415, -0.0654040404040404
0.016509437939255484, -0.011288864377335376, -0.06727272727272728
0.013429709481272974, -0.014820354356377812, -0.06914141414141413
0.00961281927243396, -0.017538349569886053, -0.07101010101010101
0.005268277836633135, -0.019293658249177115, -0.07287878787878788
0.0006345586699613758, -0.019989930847663703, -0.07474747474747474
-0.00403399165823496, -0.019588948703319706, -0.07661616161616161
-0.008481114683192008, -0.01811272187526063, -0.07848484848484848
-0.012462706167217813, -0.015642281003408393, -0.08035353535353534
-0.015760215072134418, -0.012313229506513194, -0.08222222222222221
-0.018192639907090358, -0.008308300260037748, -0.08409090909090908
-0.019626463967747122, -0.003847325320625223, -0.08595959595959596
-0.019982984117864283, 0.0008248307372933187, -0.08782828282828282
-0.019242630833734547, 0.005451711529107945, -0.08969696969696969
-0.017446042382622193, 0.009779345846412745, -0.09156565656565656
-0.014691834173150677, 0.01357018823114263, -0.09343434343434343
-0.011131185718826911, 0.016616157934161067, -0.09530303030303029
-0.0069595423382881275, 0.018750060545010917, -0.09717171717171716
-0.0024058870890334787, 0.01985476535532017, -0.09904040404040404
0.00227982819781078, 0.01986963470697101, -0.10090909090909089
0.006840402866513357, 0.018793852415718175, -0.10277777777777777
0.011025505276439633, 0.016686468571845924, -0.10464646464646463
0.01460541359895913, 0.013663158258738706, -0.10651515151515151
0.01738362533410232, 0.009889872104509546, -0.10838383838383839
0.01920764340590608, 0.005573727190269781, -0.11025252525252524
0.01997734678366016, 0.0009516383164748624, -0.11212121212121212
0.019650486162539553, -0.0037226863386325628, -0.11398989898989897
0.018245003043668117, -0.00819267135533589, -0.11585858585858586
0.01583804491844553, -0.01221295759270873, -0.11772727272727271
0.012561730614036372, -0.015562870043163033, -0.11959595959595959
0.008595898241783445, -0.018058530765732418, -0.12146464646464646
0.004158233816355222, -0.019562952014676106, -0.12333333333333332
-0.0005076776106041867, -0.019993555547818183, -0.1252020202020202
-0.005145722424601793, -0.01932670537698938, -0.12707070707070706
-0.009501316619899874, -0.017599005156213078, -0.12893939393939394
-0.013335380010325797, -0.014905288993515127, -0.1308080808080808
-0.01643745942965722, -0.011393415971444774, -0.13267676767676767
-0.01863728058422904, -0.007256154107012839, -0.13454545454545455
-0.019814094472274987, -0.0027205992435053237, -0.1364141414141414
-0.019903305341567232, 0.001964290324860681, -0.13828282828282826
-0.018900016374293373, 0.0065413592663484225, -0.14015151515151514
-0.016859298475208447, 0.010759370563552225, -0.14202020202020202
-0.013893167409179985, 0.014386796006772987, -0.14388888888888887
-0.010164435214171387, 0.01722452486360401, -0.14575757575757575
-0.005877773387893143, 0.019116793141125295, -0.1476262626262626
-0.0012684783931313356, 0.019959733529437685, -0.1494949494949495
0.00341044385265241, 0.01970707671695387, -0.15136363636363634
0.007902165566278423, 0.018372691130129074, -0.15323232323232322
0.011960134471437553, 0.01602982169037233, -0.1551010101010101
0.015361607144884602, 0.012807069373054493, -0.15696969696969695
0.017919875485826714, 0.00888133225211549, -0.15883838383838383
0.01949451519305318, 0.004468095498959114, -0.1607070707070707
0.019999093707083457, -0.0001903966787914825, -0.16257575757575757
0.019405914525519947, -0.004838437911993286, -0.16444444444444442
0.017747537474370967, -0.009220895487738608, -0.1663131313131313
0.015114991487085195, -0.013097214678905669, -0.16818181818181815
0.011652777992521055, -0.016254622882645325, -0.17005050505050504
0.007550939177745208, -0.018519808787727604, -0.17191919191919192
0.003034626501666667, -0.019768435496907245, -0.17378787878787877
-0.0016482579523258672, -0.019931965425481618, -0.17565656565656565
-0.0062406689139696695, -0.01900142235481893, -0.1775252525252525
-0.010490527236663865, -0.01702788414033915, -0.17939393939393938
-0.014164556615629152, -0.014119679029023162, -0.18126262626262624
-0.017061088211083705, -0.010436439481624978, -0.18313131313131312
-0.019021130325903066, -0.006180339887498966, -0.185
*Edges
1, 2
2, 3
3, 4
4, 5
5, 6
6, 7
7, 8
8, 9
9, 10
10, 11
11, 12
12, 13
13, 14
14, 15
15, 16
16, 17
17, 18
18, 19
19, 20
20, 21
21, 22
22, 23
23, 24
24, 25
25, 26
26, 27
27, 28
28, 29
29, 30
30, 31
31, 32
32, 33
33, 34
34, 35
35, 36
36, 37
37, 38
38, 39
39, 40
40, 41
41, 42
42, 43
43, 44
44, 45
45, 46
46, 47
47, 48
48, 49
49, 50
50, 51
51, 52
52, 53
53, 54
54, 55
55, 56
56, 57
57, 58
58, 59
59, 60
60, 61
61, 62
62, 63
63, 64
64, 65
65, 66
66, 67
67, 68
68, 69
69, 70
70, 71
71, 72
72, 73
73, 74
74, 75
75, 76
76, 77
77, 78
78, 79
79, 80
80, 81
81, 82
82, 83
83, 84
84, 85
85, 86
86, 87
87, 88
88, 89
89, 90
90, 91
91, 92
92, 93
93, 94
94, 95
95, 96
96, 97
97, 98
98, 99
99, 100
100, 101
101, 102
102, 103
103, 104
104, 105
105, 106
